2
3
10000 3000 4000 5000
5
3000 100 100 100 100 100





100
2
200 100 100
2
1000000000 1000000000 1000000000
2
1000000000 100 1
2
250000001 0 1000000000
2
14324885 6472852 9059555
1
1669191 2733414
1
5497610 8098204
2
5808725 3604796 595311
2
12129611 2108198 704089
1
8074919 6551086
2
9981872 5319688 7331727
1
5049014 3734021
1
5733990 4801686
1
5251675 8000816
1
2893820 5181585
2
7368024 8432662 1063062
1
3113874 2275837
2
8785659 2795186 243413
2
16097163 2449374 528402
1
1373511 2340644
1
3350069 3037839
1
4500440 4672294
2
7016809 7265968 5433822
2
11454189 2138521 93134
2
2892246 2311974 3781634
2
14238740 4925861 8178315
2
13249695 4687026 775837
2
4836438 1444406 9736651
2
6618369 923129 167336
1
5868330 6968231
2
11762993 8264341 5788468
2
13677404 5962872 4896535
1
6241587 9086337
1
5370728 3659517
1
8933354 8612070
1
6945863 9468654
2
16802367 7860371 4889508
2
9780395 2303775 9117189
2
9671352 9949953 4278734
2
9271844 2847048 1733616
2
10618932 5008599 5256921
1
2178861 3234492
2
10820053 6841048 5533277
2
5442983 6405970 2352379
1
3022763 2479963
2
3742675 3673745 2382392
2
7618328 1882221 3530498
2
5853757 1369272 6640271
2
8832553 4607387 7853530
1
3068731 5142620
1
1673570 1487441
1
4681499 1740268
1
8179000 4594370
2
17326139 2335920 517975
1
2483515 2244080
1
1067244 593053
1
6907267 1727642
1
9125275 3597062
1
2835825 1377477
2
7674494 7390647 3013999
2
12518467 6037132 9046439
1
4060901 4089138
1
1299996 1397553
2
3495606 1826081 5586793
1
1056983 1426859
2
7369979 6433663 6933464
2
11672871 3670483 1440156
1
6709720 9929029
2
12120009 3071581 1384716
1
669173 1082223
2
14490131 5747210 3313322
1
8533403 2680438
1
1844732 1784955
2
15785346 8924519 5386790
1
2968055 1251131
2
12122475 6745202 6289638
2
7176546 2320102 170636
2
10330329 4073921 602598
2
6541206 1620933 807527
1
8364866 8289205
1
6478737 3201796
1
3936848 3355233
1
1817793 1406785
2
17478310 5704350 4291363
2
5561202 3615759 6400063
2
9367287 7272911 9137930
2
8256442 670885 2538785
2
7997738 2786002 3643910
1
3590316 4823626
1
2412346 2324506
2
8017016 7638982 1725566
2
6188273 6412204 8436394
2
16243859 2609477 439530
1
2872541 647274
2
1680127 1871565 1259832
1
3651211 4267602
1
2207835 2866291
1
9495592 6298424
2
9512566 4607009 1478001
1
1480372 346834
