48
14 18 120
12 3
2 8
11 13
11 15
10 16
6 2
14 2
13 11
12 18
12 2
6 15
8 14
1 12
12 1
12 6
2 1
10 12
8 17
8 12
13 15
2 9
1 1
12 16
1 11
11 18
10 8
7 4
1 13
9 5
8 13
10 18
11 3
14 12
14 17
12 13
1 2
12 4
4 8
4 15
6 12
10 17
3 17
3 1
1 18
12 9
3 3
9 3
4 4
9 16
12 8
2 15
5 14
4 3
3 2
3 5
14 6
12 17
7 3
7 2
5 2
14 9
3 12
4 1
7 15
14 1
1 10
2 17
9 13
4 12
4 13
12 15
14 11
1 16
4 7
11 11
3 15
12 12
6 1
10 1
9 18
11 7
5 3
12 10
6 10
6 3
10 10
6 8
3 13
9 4
5 11
13 2
12 11
3 6
9 7
7 1
2 3
2 16
4 5
7 5
13 5
1 14
5 16
12 5
1 8
5 7
13 3
11 10
9 1
14 18
14 5
13 4
14 16
10 4
13 1
6 4
7 9
12 7
2 18
3 7
8 6
16 27 77
2 21
8 1
16 12
13 25
12 5
10 27
16 23
14 22
3 14
8 18
1 18
10 26
11 2
2 15
3 11
8 2
10 12
12 1
9 10
8 16
3 13
8 3
5 14
5 6
3 17
15 25
15 13
7 13
1 7
7 22
11 15
10 18
9 7
3 23
3 26
10 7
16 19
12 16
16 8
4 25
16 9
3 12
13 4
7 17
4 20
10 16
16 22
11 3
1 13
14 9
13 10
4 11
15 15
12 18
14 11
11 27
3 15
11 4
1 12
16 20
7 9
12 7
7 1
11 23
6 9
11 8
10 23
2 27
11 6
11 16
10 10
9 5
14 23
12 4
8 22
14 18
7 14
2 34 3
2 30
2 18
1 9
34 5 23
19 3
2 4
16 2
6 4
31 2
26 3
13 5
13 1
19 5
15 3
27 2
2 2
12 4
3 1
25 5
14 1
18 3
16 1
8 1
8 2
32 1
22 4
2 1
15 46 100
10 3
3 12
1 7
6 31
5 39
7 32
1 5
7 39
15 34
8 42
8 17
6 8
7 33
13 46
1 19
15 15
1 37
8 21
10 23
8 22
4 17
8 27
1 6
9 5
10 11
11 22
6 46
2 29
4 28
9 3
3 22
11 14
3 5
8 23
5 38
12 3
12 33
11 35
11 44
9 1
12 38
15 16
6 10
10 16
10 10
11 39
10 39
9 27
1 31
1 36
6 16
9 9
13 24
5 14
3 30
3 9
6 26
2 5
3 45
12 16
6 22
14 17
11 6
10 21
15 46
15 11
12 17
4 32
13 21
1 44
8 15
11 17
11 27
8 7
2 9
13 11
15 5
10 1
4 7
7 10
10 27
7 7
15 12
10 15
4 21
12 26
8 3
13 17
6 13
4 8
13 13
12 14
6 2
2 14
5 34
6 45
1 24
12 22
14 10
14 37
40 21 411
14 11
16 16
18 5
30 20
35 2
23 4
22 9
7 15
14 10
31 7
7 12
9 6
2 1
21 20
39 18
7 10
24 11
30 16
26 9
11 19
11 8
26 15
10 14
32 20
17 8
40 20
34 6
32 18
36 13
37 7
16 21
19 11
31 21
1 19
7 17
7 2
5 11
36 11
6 2
1 2
15 21
25 12
24 3
32 15
15 11
5 7
1 11
24 15
8 1
28 19
19 5
8 4
39 19
14 13
19 2
1 12
1 1
14 14
3 16
37 16
40 18
17 14
38 3
4 16
4 4
34 19
13 7
11 15
4 15
2 17
17 1
32 4
40 21
24 19
8 15
26 20
1 6
13 6
29 16
25 14
1 5
21 10
15 15
20 13
3 15
4 17
36 1
31 20
7 21
13 10
3 8
16 11
11 4
5 9
7 7
5 5
33 1
14 1
16 2
31 6
25 16
36 2
20 10
8 2
31 9
29 10
20 5
17 20
18 9
21 14
2 13
15 13
22 20
6 8
5 1
11 21
28 21
4 5
32 7
15 8
28 16
38 2
21 8
6 18
40 6
28 4
3 6
4 19
2 7
35 9
32 6
26 17
2 8
26 6
33 16
15 1
11 3
33 13
9 20
32 21
21 17
4 9
17 3
40 5
34 11
33 6
27 18
38 6
6 6
35 19
16 12
14 15
20 16
39 12
37 11
25 1
21 16
19 20
34 1
33 11
17 5
35 12
23 17
38 5
14 18
31 14
35 6
19 21
2 18
11 11
19 1
12 20
2 3
31 8
30 4
8 7
38 18
33 20
9 19
17 10
10 18
3 4
15 6
16 19
10 1
8 10
11 17
38 7
28 7
6 12
9 12
18 6
15 7
17 11
17 6
24 9
10 20
19 8
17 19
22 19
19 13
38 11
12 21
36 9
31 12
1 4
25 7
4 18
10 7
30 8
29 20
22 8
11 14
7 20
5 14
6 20
20 6
17 18
19 12
22 12
28 15
37 3
5 12
9 18
32 8
19 17
12 4
38 16
21 21
27 2
25 20
21 18
34 8
5 21
36 19
37 15
9 15
21 11
38 9
28 1
5 6
20 3
28 17
31 10
16 9
32 14
30 5
3 21
13 19
26 4
23 2
24 1
40 4
33 9
23 9
15 20
25 19
19 18
40 3
13 16
40 14
26 1
17 12
20 9
28 10
39 9
9 9
4 8
27 4
30 14
30 3
25 13
31 15
4 14
12 6
25 11
34 21
20 21
5 16
7 11
29 12
35 18
16 1
34 15
16 4
5 19
7 5
33 5
30 1
12 18
3 2
32 13
30 19
18 18
22 17
4 7
33 8
25 5
31 19
33 17
3 12
8 21
37 9
15 9
35 17
29 19
4 6
3 14
39 3
28 18
27 8
17 4
9 1
12 14
29 21
23 8
20 19
25 4
27 21
39 11
12 10
6 7
34 20
15 17
6 9
20 2
23 6
13 5
13 13
8 13
15 4
35 16
24 21
1 15
2 16
22 3
23 13
2 10
24 5
10 16
37 19
31 4
6 15
23 21
37 14
39 6
38 21
4 3
22 15
24 16
23 11
4 13
35 5
40 7
14 17
27 11
18 19
24 14
14 3
2 14
21 3
30 21
4 10
22 4
6 16
14 5
7 1
13 4
16 15
17 13
7 4
34 12
39 8
15 2
13 3
27 17
33 3
10 5
13 14
35 7
37 18
35 1
4 11
8 14
25 10
23 1
38 14
29 13
25 15
39 1
20 14
4 12
12 15
8 11
14 7
7 8
5 15
36 21
4 20
11 20
25 9
35 14
30 12
12 8
27 14
23 5
14 20
29 5
24 20
29 1
12 3
9 9 20
9 8
3 5
9 4
5 5
6 9
2 8
7 1
6 7
1 5
6 8
9 9
4 6
4 9
2 6
5 2
6 3
7 7
8 7
3 2
1 4
18 8 32
16 2
3 5
8 3
9 7
5 8
13 6
8 6
6 4
15 3
6 5
18 2
14 6
5 7
5 1
1 2
5 5
3 3
12 2
6 2
4 5
6 8
18 6
10 2
15 7
13 7
13 1
1 8
18 4
5 2
11 8
2 1
3 2
47 11 167
21 8
11 5
18 6
10 2
44 5
43 4
43 5
1 8
12 9
1 10
40 11
21 3
18 11
21 10
24 2
41 3
22 8
37 4
38 2
21 5
45 8
7 7
40 5
32 5
3 8
19 9
28 3
30 6
31 1
25 6
11 8
3 3
26 6
35 7
22 2
34 6
25 10
10 9
31 8
15 6
11 2
14 6
3 11
37 8
1 9
7 4
37 1
7 2
37 2
4 9
19 6
22 6
3 4
37 5
26 1
36 8
24 10
35 9
8 11
43 9
4 11
27 7
36 11
19 3
18 5
45 3
29 1
4 4
46 4
36 9
7 3
18 7
41 8
44 7
8 8
2 7
43 2
38 7
19 11
15 3
4 10
45 7
42 8
14 3
2 5
1 3
38 5
33 3
7 6
29 4
2 10
14 9
13 2
33 5
42 7
4 7
1 6
9 1
46 7
6 3
9 2
17 1
26 10
24 9
41 4
30 1
44 6
41 6
6 8
47 5
29 3
30 8
39 9
47 7
36 4
46 1
24 3
25 1
38 8
19 1
17 4
12 10
6 1
47 6
28 4
21 7
36 7
13 11
30 5
29 8
9 5
11 9
1 11
46 6
41 5
26 2
32 7
23 6
5 9
44 11
28 9
39 6
20 2
25 9
33 11
3 7
26 11
35 8
26 3
6 4
45 5
39 4
34 5
45 9
27 6
15 4
9 10
17 10
8 6
9 6
10 10
34 4
41 1
14 4
46 11
14 10
35 6
13 20 35
1 20
1 11
2 7
4 16
4 7
9 14
6 20
6 12
10 10
8 8
12 9
11 1
5 20
3 7
1 6
3 15
3 17
2 16
1 7
5 10
11 10
13 10
9 3
2 19
6 15
12 10
10 13
12 12
8 19
10 4
11 9
6 4
1 17
3 10
8 1
10 6 16
9 6
9 4
10 4
10 1
3 5
5 4
10 5
3 3
2 3
1 6
7 1
6 1
2 4
1 4
10 2
7 3
48 18 193
21 3
14 7
35 18
11 1
47 7
24 16
40 11
16 2
10 15
4 15
19 3
47 6
38 6
13 1
24 8
7 5
36 16
20 18
1 9
45 10
37 13
15 10
43 10
18 16
8 14
22 6
41 6
20 16
35 15
16 14
14 14
32 16
28 7
41 9
16 17
46 13
33 16
19 7
46 3
41 13
5 17
48 11
15 1
35 8
4 14
2 5
21 17
19 6
6 9
46 14
17 16
28 11
35 3
38 3
29 9
4 3
35 14
36 1
14 17
7 17
28 18
20 17
21 18
41 17
9 11
48 8
48 18
25 4
47 11
16 1
30 17
47 16
4 4
8 6
5 3
22 16
39 7
36 7
18 17
42 18
2 2
32 9
46 5
3 5
13 7
22 1
20 6
42 15
22 10
20 8
21 10
19 12
28 8
26 5
18 6
3 10
32 12
12 4
20 13
29 10
10 18
14 1
12 11
6 1
35 9
24 14
44 12
18 5
13 13
14 6
11 14
34 15
17 4
36 8
24 2
45 12
29 18
40 5
48 9
7 16
3 14
30 1
1 11
8 8
17 2
24 17
37 11
36 13
46 4
26 16
29 17
48 7
48 3
12 18
2 18
33 5
41 16
47 15
35 1
41 12
48 16
16 9
46 17
7 13
42 17
38 17
9 14
9 13
30 7
43 6
10 9
13 18
36 2
9 9
3 11
43 12
24 4
28 1
22 13
46 6
22 4
27 16
19 9
41 11
2 11
9 12
34 11
24 6
2 6
45 18
29 14
36 18
21 1
6 13
6 5
17 14
22 14
8 18
16 13
47 18
33 4
39 2
22 5
23 8
25 14
37 8
48 14
13 12
11 6
1 4
20 11
27 12
9 7
9 11 50
4 6
3 5
2 3
5 2
7 5
2 9
8 8
2 10
6 3
9 2
9 1
2 5
7 8
9 5
1 1
4 9
4 11
1 6
9 8
8 11
3 4
1 8
4 1
6 1
7 3
9 3
9 9
7 1
4 7
5 5
3 1
2 11
3 6
8 9
6 10
5 1
3 7
7 7
6 7
3 8
6 8
6 2
9 4
6 5
7 10
4 8
6 11
1 5
5 11
7 9
35 21 230
13 21
32 12
20 11
29 20
4 13
3 2
34 10
19 20
12 3
11 9
32 18
28 18
19 16
33 20
12 5
19 4
18 21
29 8
16 2
2 16
21 9
27 6
12 14
27 16
31 21
25 18
12 16
33 7
3 4
34 5
14 13
28 8
7 17
15 9
28 4
3 20
26 13
30 7
17 19
6 19
31 3
12 4
1 20
7 1
20 3
14 9
6 6
15 12
18 9
15 11
35 16
23 18
25 14
31 16
3 12
25 2
9 3
30 10
1 3
22 15
31 2
26 16
30 2
2 9
35 20
22 20
19 18
1 1
12 2
25 15
33 11
18 16
5 19
6 1
24 15
26 8
21 16
9 6
33 5
29 19
9 8
13 16
25 20
9 7
11 7
14 4
2 20
1 16
13 11
33 13
11 21
6 12
15 21
7 11
29 15
14 1
16 13
10 17
27 14
7 18
5 20
5 2
33 4
13 12
15 8
23 14
1 15
3 9
8 20
33 6
29 14
32 16
4 2
7 12
23 1
11 1
25 4
28 11
32 6
2 14
1 12
10 18
7 7
24 13
16 10
29 2
33 1
26 11
27 9
25 12
32 9
28 6
29 5
23 16
5 10
13 8
12 19
3 17
8 14
3 10
22 2
34 14
7 6
28 20
12 18
18 4
21 21
27 8
3 16
27 4
14 18
26 21
2 21
30 9
35 19
19 8
33 14
30 15
9 21
32 4
17 14
20 10
24 21
18 11
12 7
26 19
9 14
30 12
15 5
34 12
29 17
1 14
18 20
23 2
23 4
23 7
20 4
8 8
27 19
25 5
35 13
31 8
10 20
6 3
24 17
4 18
3 18
4 5
19 15
10 16
22 6
1 8
2 3
7 15
6 20
20 15
13 1
34 20
31 19
19 17
1 6
34 8
13 19
21 5
2 17
27 21
25 10
15 7
6 10
3 21
9 16
24 9
2 15
12 13
15 15
29 9
29 7
23 8
30 21
4 20
6 17
21 12
22 21
6 5
26 12
7 16
5 11
8 2
24 12
23 3
18 30 52
2 3
16 28
18 10
4 20
6 22
18 30
8 6
6 2
15 11
5 28
5 4
5 21
9 9
4 24
7 3
9 21
18 22
10 24
14 8
9 15
10 1
6 25
7 20
7 9
15 27
12 17
2 18
8 5
2 13
10 29
7 4
7 10
1 9
7 17
17 28
6 28
7 8
9 4
12 16
11 9
7 15
12 12
11 18
14 13
5 22
11 2
3 23
13 25
9 28
10 21
3 18
12 18
14 16 13
14 5
3 7
5 6
7 13
6 4
7 14
7 4
7 11
14 11
5 14
14 16
7 7
9 1
16 27 174
11 18
3 13
16 18
6 21
4 3
11 2
4 21
15 25
4 9
2 24
3 11
9 18
5 21
7 4
2 15
13 25
11 21
9 25
2 25
12 23
12 8
5 9
12 11
15 7
7 11
11 7
6 19
15 17
7 25
12 12
4 10
14 27
16 20
5 26
16 15
15 2
12 13
16 13
15 19
11 15
15 5
7 16
6 16
5 2
7 24
12 27
12 24
1 21
10 16
8 4
6 11
4 6
12 22
6 18
8 12
4 24
10 7
9 17
10 8
7 1
9 3
12 6
16 26
8 6
14 19
3 21
12 15
13 21
5 10
7 10
8 11
13 17
2 20
14 8
9 14
11 26
3 12
13 14
8 21
7 17
5 20
1 19
11 8
10 23
14 2
12 1
14 21
3 15
3 24
4 4
9 7
4 16
15 23
1 25
7 26
3 18
16 3
1 12
13 13
2 11
15 15
8 24
9 6
15 14
7 21
4 1
16 2
16 7
4 14
11 20
9 23
3 2
8 3
16 1
11 4
15 22
15 13
15 1
14 16
12 14
2 12
13 1
4 12
8 13
5 17
12 5
6 15
8 14
4 13
6 3
1 20
1 13
3 23
10 24
6 24
16 25
15 11
5 24
12 4
14 22
13 15
3 16
14 20
16 17
16 27
8 8
2 22
1 27
14 7
15 21
4 25
5 1
1 23
7 2
5 22
14 17
2 19
7 22
5 13
4 8
10 2
2 5
13 24
3 7
6 14
8 5
8 17
14 6
15 20
14 4
6 17
11 12
8 20
10 13
37 26 302
19 18
2 5
34 15
29 18
25 8
32 20
22 9
34 25
12 25
27 13
10 20
4 22
35 13
3 19
28 26
7 13
1 14
14 17
15 3
11 18
23 7
27 4
28 10
13 11
7 9
23 16
24 5
1 25
32 23
26 13
12 24
27 6
2 16
18 1
18 21
34 1
17 10
21 18
17 26
2 7
35 21
32 1
33 9
13 8
3 12
13 3
21 1
20 21
5 8
1 16
10 4
24 12
35 10
27 24
24 20
20 25
35 20
15 1
36 26
22 10
8 11
1 19
29 24
27 18
31 16
14 5
29 6
21 22
22 20
33 23
21 20
12 18
36 17
17 11
37 22
30 3
1 13
21 26
22 24
7 11
6 8
31 3
28 13
24 6
5 16
36 20
12 4
32 5
37 4
2 20
27 2
16 26
23 13
24 22
32 26
7 18
23 22
9 23
22 1
18 9
7 21
5 24
24 21
26 6
32 15
19 19
18 23
21 21
14 9
19 7
29 2
1 18
35 1
11 12
25 26
12 19
9 12
15 9
31 1
4 8
20 5
6 10
6 25
29 10
25 5
26 9
5 14
37 17
16 9
31 15
27 20
26 10
5 4
2 4
31 25
30 10
20 1
32 22
27 8
1 3
12 10
21 12
12 5
4 1
37 3
13 25
33 17
34 23
9 5
7 8
4 21
29 16
31 5
5 19
26 12
26 21
6 14
21 2
11 5
10 1
11 23
13 9
32 9
25 21
4 6
35 17
23 26
9 19
18 10
22 7
21 10
25 24
2 10
9 16
4 23
24 17
6 15
31 2
28 15
11 19
8 13
28 5
37 26
13 1
31 9
22 22
10 12
3 24
18 22
28 16
29 3
29 13
14 11
13 10
9 22
23 24
7 12
8 20
9 10
19 17
35 5
32 7
19 23
28 12
11 11
23 6
9 18
22 3
28 24
16 3
23 11
22 16
19 10
15 18
17 19
30 1
4 4
5 2
29 14
22 4
3 16
25 22
6 26
19 20
3 13
12 21
11 14
15 4
37 8
12 23
4 15
6 11
1 7
14 14
20 23
3 26
23 10
30 5
15 26
37 23
14 24
8 23
10 5
37 24
11 8
6 21
26 5
22 18
25 10
13 18
9 24
29 15
20 7
2 9
18 13
9 6
23 20
36 4
32 2
27 23
5 15
11 20
36 23
19 2
27 22
16 10
14 4
34 13
7 23
25 12
22 15
6 18
23 3
15 16
16 2
16 22
19 26
4 18
9 25
8 15
35 14
6 17
28 17
9 11
13 12
6 24
33 13
21 4
30 24
33 7
4 5
30 4
28 1
22 14
23 15
17 25
27 1
2 8
5 1
7 3
11 3
20 10
46 40 297
7 13
8 21
4 1
35 33
12 33
32 34
31 15
8 31
16 20
43 9
2 36
39 15
14 15
27 14
31 2
37 12
19 18
28 33
20 11
35 22
1 37
25 33
39 3
19 26
4 14
19 22
24 40
26 11
37 31
30 31
23 38
46 27
38 4
45 18
26 23
10 20
15 32
29 36
18 2
6 26
14 37
37 19
23 39
33 24
31 39
1 7
23 24
25 3
40 8
32 14
24 18
37 7
22 9
23 12
17 36
30 9
39 2
34 3
31 27
20 10
11 36
28 40
15 12
41 5
17 26
36 33
19 4
36 38
10 5
34 27
41 15
17 4
39 1
10 33
44 4
13 31
22 37
22 33
4 36
36 18
43 27
45 14
9 21
31 31
13 1
28 24
14 1
14 40
33 13
23 11
12 1
45 11
43 13
12 7
1 25
22 23
4 10
21 22
4 28
26 9
42 24
24 6
33 7
17 2
45 26
6 28
31 1
5 11
12 39
37 25
42 39
3 29
8 22
16 32
35 11
45 38
41 38
6 27
4 31
3 23
18 5
38 9
33 16
43 33
29 34
42 35
36 23
39 7
14 3
2 1
37 9
5 13
7 33
11 14
9 37
22 31
7 15
40 5
5 27
7 4
5 37
12 17
1 10
32 35
26 4
24 13
1 33
14 25
12 34
42 4
35 32
41 30
5 26
10 8
44 6
14 11
28 15
41 10
26 36
38 31
37 35
42 13
39 37
23 15
17 10
16 7
33 23
38 24
46 31
4 5
41 19
10 4
25 15
36 1
23 33
46 17
27 37
1 8
16 37
11 12
10 27
17 34
18 8
1 29
26 31
44 13
20 14
2 24
13 2
34 17
3 40
3 4
19 23
6 36
44 36
27 11
31 6
44 15
29 14
11 34
36 2
44 21
31 4
45 29
15 38
24 11
37 8
42 17
34 34
12 15
17 25
43 28
28 28
45 16
31 10
43 26
8 10
32 17
28 20
43 25
10 25
9 22
42 15
27 19
20 23
10 11
46 37
4 23
25 25
2 2
33 26
19 30
18 27
33 1
11 24
4 30
41 31
35 9
12 32
44 17
9 4
25 5
45 28
3 3
39 11
18 28
28 26
18 33
13 22
22 14
8 38
10 30
16 36
35 5
43 10
17 19
23 27
29 20
37 21
6 35
41 23
38 36
21 1
38 40
21 23
1 23
2 20
44 11
43 23
21 12
42 30
39 8
21 35
36 40
14 28
42 23
19 33
19 5
30 34
36 31
14 33
10 19
6 11
26 21
15 11
37 36
13 11
18 21
36 36
27 13
10 24
9 5
3 6
9 18
39 33
43 7
31 35
5 48 62
1 44
5 35
1 23
5 28
2 35
5 3
1 42
4 11
5 17
5 32
4 2
2 41
1 41
3 3
5 23
3 5
4 8
4 13
3 41
1 30
3 18
4 47
2 44
3 27
4 39
2 27
5 37
5 11
2 6
1 37
1 2
1 21
2 21
4 19
3 38
5 15
3 23
1 8
4 36
2 23
2 22
3 4
1 16
3 30
1 34
2 25
2 16
3 21
4 37
1 7
1 1
3 40
5 31
2 4
2 39
3 2
2 14
2 40
2 17
4 4
2 33
1 5
16 19 33
9 7
7 3
11 2
10 16
9 17
9 6
16 9
5 9
1 14
1 11
12 10
7 10
16 16
13 8
6 15
15 3
11 7
2 16
8 10
15 2
16 17
2 8
7 13
3 16
10 19
6 9
3 17
10 14
13 18
5 17
15 4
10 3
9 15
34 37 402
26 27
26 3
29 23
17 28
17 19
17 25
19 31
9 36
13 9
5 14
33 35
27 2
5 17
10 23
9 18
2 26
24 5
13 24
26 26
31 30
20 36
5 20
10 21
28 5
19 3
24 11
23 33
16 25
8 1
33 36
22 13
12 15
25 37
7 8
4 32
21 36
4 9
7 24
29 33
26 36
11 12
29 20
6 21
6 23
7 30
6 22
29 3
11 31
13 13
23 31
11 36
34 13
11 5
30 11
16 28
19 7
26 20
20 18
29 24
11 21
11 11
11 22
30 8
8 4
29 26
9 19
11 19
34 9
26 14
13 3
22 6
29 5
3 17
20 25
4 37
8 30
21 4
17 16
18 9
21 3
13 16
19 16
30 15
28 4
11 30
12 6
28 33
24 37
21 17
15 23
32 21
7 31
15 32
22 29
1 35
34 1
27 36
30 20
11 6
16 18
27 4
34 31
17 1
8 16
25 5
4 25
21 2
7 29
6 6
31 31
33 30
10 1
8 25
10 28
14 30
12 27
8 6
16 15
34 23
24 27
34 8
3 29
15 34
13 11
6 11
17 18
13 23
9 13
25 26
18 11
5 18
23 18
33 21
25 34
23 8
22 16
33 1
16 7
9 26
34 30
21 8
28 8
8 13
22 8
4 24
8 32
14 4
32 35
22 20
19 21
11 32
33 4
28 1
15 13
14 23
15 14
18 1
3 31
21 24
15 8
23 34
34 15
14 6
16 37
32 17
12 2
34 36
32 8
12 37
25 25
9 9
26 24
28 13
4 31
9 11
11 24
23 6
2 31
30 16
33 24
9 21
34 21
15 15
5 37
5 4
7 26
28 23
26 34
25 29
10 13
8 37
2 17
28 34
4 35
6 33
3 37
21 10
15 9
4 7
12 4
12 30
23 5
3 18
2 3
18 35
13 15
10 34
25 22
6 35
8 9
32 25
8 24
14 24
19 1
28 29
27 30
20 2
4 26
14 16
25 18
4 34
29 30
5 26
17 7
7 19
24 31
7 22
19 34
5 12
11 18
19 13
33 27
18 33
9 34
1 29
12 24
7 12
25 16
32 7
22 14
27 17
2 21
1 3
34 27
17 22
19 33
5 24
14 18
29 1
32 9
18 10
28 19
17 17
19 12
5 9
13 37
13 8
28 28
14 19
4 1
10 29
24 13
10 26
30 28
32 12
27 1
2 28
9 24
31 4
11 7
28 12
22 23
31 29
31 15
9 12
19 24
5 1
13 4
23 4
31 18
4 18
3 36
9 33
7 6
32 30
6 27
34 25
13 29
21 31
26 17
4 14
11 14
27 19
23 21
22 12
32 3
29 17
7 11
23 27
6 24
29 19
23 12
6 14
4 8
25 12
1 34
7 25
6 3
3 19
20 35
2 13
26 28
16 20
24 23
25 9
4 36
15 10
20 8
13 30
29 8
13 32
18 16
17 14
21 5
32 31
13 26
16 6
15 29
33 13
4 27
8 35
11 29
11 28
31 1
13 7
21 15
34 17
27 12
11 3
17 9
7 17
23 14
6 5
17 23
4 20
30 33
32 4
18 6
21 30
1 4
19 14
33 33
1 13
19 30
19 11
19 36
27 21
7 16
12 9
32 18
12 25
7 15
28 31
2 11
7 10
23 3
21 12
8 23
12 23
9 15
17 29
25 19
16 16
3 9
20 34
18 12
5 30
34 5
6 25
28 30
9 5
27 6
19 27
6 34
1 9
30 34
9 22
31 26
24 32
13 1
12 14
14 3
16 21
31 7
2 37
12 17
32 2
33 31
19 37
25 15
23 2
6 12
2 21 18
2 9
2 4
1 7
2 21
1 6
2 7
2 16
2 19
2 13
1 11
1 16
2 18
2 14
1 15
1 5
1 17
1 10
2 10
20 32 39
14 29
14 32
10 8
4 5
12 7
20 28
3 25
10 5
1 12
11 15
19 6
19 23
3 12
17 27
7 28
6 20
9 12
10 31
15 6
8 31
15 32
15 24
4 3
15 25
9 27
6 28
11 1
20 1
19 26
13 8
6 2
19 22
11 6
14 6
15 29
17 29
15 12
10 32
18 15
6 41 90
5 20
3 9
6 23
6 21
4 5
2 22
4 28
5 35
2 3
1 10
2 40
6 20
6 19
3 2
2 38
1 14
3 28
2 19
1 18
6 29
5 34
1 7
1 28
1 4
2 25
4 26
2 1
6 37
6 31
1 24
2 24
2 10
5 40
6 4
6 12
6 40
6 36
2 29
2 36
4 14
4 16
1 39
5 41
5 25
1 33
5 30
3 16
6 22
1 35
1 27
2 11
1 22
4 30
5 1
6 28
4 3
3 41
4 39
4 17
2 8
5 24
5 27
5 15
3 30
1 9
3 12
2 9
3 20
5 31
2 15
3 13
3 5
4 1
5 16
5 9
1 5
4 13
5 38
3 1
2 37
3 24
6 2
4 29
4 36
2 39
5 33
6 39
3 4
6 8
3 34
22 46 418
4 24
19 44
5 23
12 19
4 36
20 3
17 34
12 8
21 14
3 27
10 17
21 42
4 44
17 30
20 24
7 14
20 41
7 8
22 43
10 43
18 18
10 36
18 3
16 8
10 42
14 21
8 22
16 41
5 33
16 3
10 20
2 23
7 43
13 14
14 27
4 16
11 31
13 31
20 27
2 10
17 28
15 45
4 41
7 9
4 14
21 25
18 15
20 12
12 2
5 16
4 27
10 40
5 43
15 15
8 2
1 37
5 17
14 30
21 39
21 29
4 4
7 46
16 42
3 28
19 14
17 17
15 17
9 19
22 21
16 23
21 46
22 32
9 42
11 27
15 5
10 33
10 1
9 10
14 46
3 43
14 33
18 40
10 30
5 22
8 42
9 35
2 35
6 40
5 38
13 23
6 23
2 4
10 7
7 33
1 12
19 30
13 41
11 45
12 34
17 37
5 6
2 40
6 2
3 38
14 28
7 3
8 9
21 22
22 23
15 32
17 19
10 22
17 7
3 41
17 46
1 46
11 1
2 26
6 12
10 26
20 40
4 10
8 15
18 9
16 35
1 7
4 21
16 9
16 18
3 7
20 37
1 1
14 12
1 39
3 15
18 11
1 27
1 26
1 16
12 4
13 10
15 1
17 29
3 11
9 41
8 12
4 42
19 32
7 7
21 43
3 29
8 8
7 15
19 21
16 2
3 35
19 46
17 14
2 34
2 41
9 26
12 21
11 12
7 30
12 24
15 26
20 5
19 10
6 27
3 12
9 12
10 27
12 36
3 39
2 15
22 24
13 36
18 28
8 41
6 39
22 36
4 22
10 31
22 46
12 35
21 5
12 11
14 14
22 34
3 17
7 25
16 30
1 35
15 46
4 46
21 45
2 11
14 17
8 38
6 11
12 10
12 17
13 13
12 38
10 29
20 28
9 31
20 13
13 22
8 26
10 11
9 30
6 32
14 31
10 8
3 6
6 28
1 28
12 27
20 8
6 41
22 16
16 1
22 33
18 20
12 5
1 45
6 20
21 23
14 32
15 43
18 7
22 42
5 31
22 26
16 13
9 6
13 9
6 43
17 8
21 33
13 33
7 19
6 30
21 20
2 1
10 5
13 4
6 35
8 7
18 33
11 20
20 6
18 35
14 9
20 43
18 8
4 6
22 8
15 29
6 24
9 21
15 16
14 44
9 43
11 9
4 9
1 32
8 43
7 44
15 6
18 12
13 27
22 11
20 38
22 40
14 42
16 14
9 25
11 8
16 44
18 10
14 29
17 40
7 24
2 38
1 38
3 16
9 16
20 23
11 19
9 17
14 4
5 24
2 39
10 16
2 43
21 44
22 10
7 35
17 16
8 17
4 32
16 15
11 24
19 18
1 23
19 26
13 32
19 37
16 10
14 40
7 18
13 38
12 7
16 21
19 15
15 28
10 45
13 29
3 31
15 25
5 40
17 12
1 33
4 28
20 18
5 19
19 8
8 3
19 16
18 31
11 39
16 45
7 4
5 21
11 25
21 40
17 43
3 19
1 22
4 20
12 39
11 17
3 10
5 4
16 31
1 2
3 30
1 10
22 25
7 26
14 22
15 44
17 10
1 15
7 13
10 10
4 12
18 14
21 12
17 13
16 29
8 39
21 21
16 4
10 23
8 30
3 23
13 37
2 19
14 41
18 42
5 20
10 46
13 21
16 16
4 18
9 38
15 30
21 37
12 18
21 3
8 27
19 2
18 16
7 17
8 29
12 16
11 22
11 38
15 21
18 32
21 1
22 39
13 5
17 35
22 14
13 26
20 7
2 42
8 24
11 44
15 10
12 30
20 14
16 32
22 18
2 3
1 43
9 2
9 28
9 18
10 12
12 44
21 41
10 4
14 7
34 40 110
6 12
33 1
26 33
13 16
31 16
5 8
31 5
25 4
9 22
12 17
29 24
7 40
28 38
14 40
17 9
24 20
14 12
4 38
12 10
18 32
27 30
18 34
33 35
24 34
17 29
16 7
13 30
23 29
24 36
2 17
27 2
27 26
33 25
34 32
15 10
2 33
15 14
11 22
9 32
11 30
5 15
31 39
4 8
4 35
6 13
3 22
25 10
17 32
23 22
12 9
34 24
14 35
13 19
11 7
2 29
16 17
5 11
18 1
30 35
32 37
3 16
11 16
8 38
19 23
33 11
11 27
18 36
16 8
21 27
6 2
25 21
8 20
17 33
11 39
16 20
3 6
32 13
10 12
19 7
4 2
9 7
15 11
33 32
8 37
15 28
21 26
25 14
14 3
34 9
31 35
3 10
4 40
28 3
5 2
15 23
33 17
9 19
8 5
32 33
31 3
29 35
6 40
23 25
9 1
11 9
15 12
16 16
31 28
24 16
19 8
40 43 73
9 31
30 7
22 1
9 30
34 36
35 25
7 18
2 16
13 16
35 29
34 10
5 38
7 23
20 4
11 25
18 37
33 9
29 11
1 3
18 39
6 31
5 33
33 25
11 10
11 4
20 16
14 12
23 35
31 4
33 4
20 7
7 38
27 7
26 1
2 28
22 19
22 17
9 33
24 27
26 40
31 27
35 26
19 5
8 28
10 14
16 19
9 10
35 43
11 6
21 24
21 35
1 29
26 12
19 39
11 38
12 7
38 26
20 17
1 20
8 27
1 8
4 21
25 3
3 38
32 9
35 39
20 35
27 8
28 30
25 11
17 41
16 4
35 13
30 41 605
9 32
9 14
29 31
2 7
23 41
1 28
5 10
20 39
1 9
20 10
14 15
19 11
5 23
8 22
20 41
8 1
25 11
8 5
1 27
19 28
24 38
8 14
20 19
2 2
24 15
9 9
19 30
17 21
6 3
23 15
5 19
2 21
27 15
28 14
5 38
15 1
29 17
9 33
10 2
6 41
23 10
7 33
1 2
23 34
17 18
1 14
18 6
9 17
4 41
15 29
2 9
26 8
15 25
27 40
13 40
13 37
29 23
17 37
11 15
9 20
22 1
8 25
23 19
14 18
14 13
28 34
22 14
30 6
17 5
8 8
30 13
6 16
17 1
26 4
12 22
27 41
6 35
25 22
15 26
5 18
21 4
5 2
6 7
6 17
12 23
14 3
28 15
29 5
21 14
1 22
25 36
4 38
17 13
8 23
1 20
1 30
23 1
11 29
17 25
18 22
16 20
17 23
24 32
14 9
13 1
2 24
3 26
28 37
24 3
25 34
1 33
15 34
26 15
21 15
9 35
7 19
2 5
9 5
27 4
27 26
3 1
29 38
16 11
25 39
8 33
10 22
8 32
24 4
18 5
21 17
19 8
3 3
24 10
4 13
2 11
4 3
22 12
4 7
19 20
30 8
20 18
20 23
4 31
28 21
21 6
1 36
24 22
19 14
29 21
25 40
5 15
14 8
30 22
3 37
28 18
20 40
23 33
20 6
9 21
5 37
20 5
16 19
11 11
8 24
4 4
20 29
2 29
18 28
30 34
7 16
4 10
17 26
21 1
25 21
15 18
17 22
28 29
18 30
2 19
11 22
18 15
7 10
10 32
21 3
9 37
29 28
4 16
4 35
21 36
15 28
22 3
15 39
8 6
21 2
22 40
20 31
5 20
14 7
13 6
10 10
9 40
26 10
17 31
20 8
15 2
28 26
3 24
19 3
6 32
6 19
20 26
26 5
11 41
21 22
26 17
19 41
1 11
11 17
7 8
10 4
10 38
29 36
3 13
10 28
13 24
2 3
17 3
7 14
30 12
11 26
2 34
28 3
11 20
16 32
2 26
22 33
16 40
26 37
22 34
11 3
25 31
18 25
18 18
9 12
26 28
23 21
27 33
24 14
29 10
10 14
14 11
19 1
4 8
17 2
1 40
30 41
18 23
5 11
12 19
19 19
4 28
15 40
4 15
9 36
7 20
12 11
24 2
3 35
17 19
8 28
23 25
23 20
12 36
2 28
27 36
5 30
5 14
7 41
7 18
29 7
20 36
12 12
28 35
15 6
25 26
17 36
26 36
14 17
9 2
24 23
27 31
10 24
7 17
2 32
2 41
14 37
9 23
4 12
6 5
26 32
11 23
14 10
21 10
15 20
11 40
18 16
24 39
10 21
10 26
5 8
25 17
26 6
5 1
11 9
3 18
16 21
27 14
24 8
11 6
26 23
30 15
18 24
18 41
27 34
10 5
8 40
26 35
17 7
24 41
29 29
3 14
12 8
7 9
25 23
1 3
10 39
10 8
25 32
10 3
1 5
13 28
14 39
6 10
1 19
30 7
28 22
21 40
23 14
4 2
11 37
3 28
12 30
22 41
13 25
30 28
22 29
5 17
14 27
17 38
12 17
18 20
28 17
10 20
12 31
19 13
10 27
30 39
2 15
13 3
30 14
9 38
21 38
4 29
20 12
11 8
13 21
22 32
2 37
17 41
16 37
19 7
27 17
27 19
7 31
20 14
25 8
27 21
30 40
25 16
29 6
7 34
14 29
2 17
23 12
1 32
8 34
12 3
14 6
24 11
24 25
3 19
23 39
12 1
24 36
19 15
18 31
7 32
28 4
16 15
20 17
21 19
26 22
26 27
23 5
17 11
25 27
14 32
15 21
28 40
30 35
12 14
23 23
22 25
9 18
23 18
9 41
18 4
24 29
23 28
23 9
6 4
2 25
17 34
16 34
15 38
11 13
18 37
21 24
18 32
20 15
14 38
8 11
4 19
19 36
19 17
20 16
6 40
21 39
22 37
15 37
15 17
15 27
29 11
28 30
30 38
3 25
9 28
5 16
13 9
2 6
24 40
6 39
17 29
20 4
30 21
7 4
11 12
5 25
29 34
2 39
1 41
14 5
6 36
12 13
23 2
19 26
27 39
28 41
3 31
10 9
27 5
17 32
4 33
27 18
11 28
26 11
28 36
6 11
14 19
15 23
16 23
9 16
16 5
17 39
5 34
16 29
17 35
22 39
12 20
16 8
8 36
22 31
27 23
4 23
20 24
30 23
30 26
29 3
4 5
15 24
25 3
6 9
23 7
8 10
18 19
2 31
24 12
28 16
11 10
3 4
26 1
7 3
6 18
29 19
4 17
26 9
8 29
7 23
5 40
26 16
25 15
24 37
13 33
1 10
3 29
15 10
19 32
6 24
24 19
7 13
7 26
26 33
15 3
28 11
13 18
18 11
23 3
10 18
12 10
21 8
23 31
2 1
28 13
2 40
25 29
13 16
2 14
12 5
13 5
24 33
10 19
26 25
30 11
24 16
10 37
12 18
19 25
12 9
11 34
24 6
13 7
9 3
13 29
19 18
3 17
24 17
10 30
4 34
22 4
27 27
24 30
12 40
4 22
19 16
16 27
5 33
22 28
16 28
26 31
13 15
27 10
4 21
14 28
21 33
19 34
6 28
18 26
7 40
4 36
28 12
1 17
7 35
3 39
3 20
5 4
20 17 151
9 3
8 14
18 6
10 11
1 14
10 7
20 12
11 1
17 4
15 15
13 17
16 4
10 13
8 17
12 2
7 7
8 2
16 17
18 16
5 13
6 14
13 7
19 11
16 13
3 15
9 14
16 10
2 2
18 12
19 9
20 13
2 12
10 9
6 15
12 6
8 8
13 5
15 6
9 7
18 5
17 14
11 17
10 16
19 15
9 1
18 13
10 8
2 8
2 7
14 8
4 1
15 5
20 14
14 7
18 14
7 9
6 8
8 10
2 11
8 6
7 11
17 1
9 9
9 10
3 9
10 12
3 7
7 12
20 8
16 8
1 12
7 17
18 17
8 5
6 2
12 11
20 1
10 2
19 7
20 16
12 5
6 16
11 4
1 9
11 6
1 3
16 7
1 4
4 5
15 10
2 6
12 1
16 3
18 15
12 9
12 15
2 3
20 4
4 15
14 1
7 10
17 2
18 3
3 6
16 11
1 2
20 3
18 1
9 5
7 3
2 15
7 16
8 11
19 3
13 15
12 10
9 2
5 8
6 6
20 11
15 14
19 10
5 15
8 15
4 2
13 8
7 8
20 7
14 11
9 16
8 3
15 11
6 17
7 14
14 5
5 16
13 4
12 4
5 2
6 9
7 1
10 1
3 11
5 9
4 6
1 16
1 1
9 4
19 6
5 14
5 12
40 23 392
20 16
26 17
30 15
16 4
18 4
6 10
25 20
40 5
37 12
20 5
36 17
40 6
24 8
2 7
10 2
33 11
25 18
28 3
17 19
25 6
33 9
30 11
20 11
19 20
36 15
39 18
37 17
13 13
7 4
8 13
11 10
14 16
2 5
2 13
29 18
24 19
26 2
32 17
22 12
2 18
39 14
4 17
22 20
1 20
11 6
36 13
29 14
26 19
30 4
12 3
38 20
1 4
12 4
10 22
34 3
15 22
30 17
6 17
28 18
29 5
20 2
4 8
3 3
30 8
22 21
33 6
35 4
27 1
14 6
16 15
7 22
13 9
5 1
4 12
30 20
25 21
29 19
34 18
28 8
22 6
25 1
23 21
35 7
16 10
22 22
7 20
39 9
39 23
12 22
22 1
12 20
21 2
29 11
5 10
25 16
34 20
5 15
2 6
5 7
5 16
33 20
40 12
34 6
33 4
12 12
23 15
31 6
14 17
16 17
11 13
9 9
11 20
22 16
5 8
2 8
24 21
30 23
35 18
38 4
20 22
28 14
16 8
40 21
4 10
9 15
29 21
14 4
21 5
35 22
19 9
7 10
12 9
11 9
35 16
23 8
21 19
1 21
32 5
29 15
4 22
25 8
13 14
8 16
2 17
39 11
30 16
15 3
40 4
31 3
33 8
37 22
13 21
36 8
17 13
19 6
15 14
27 5
23 12
24 2
16 13
38 15
22 2
2 22
39 12
24 12
9 12
12 18
34 8
11 16
36 20
10 4
38 9
25 17
28 13
14 5
39 19
27 21
2 15
3 1
31 7
3 15
6 21
28 4
32 21
4 23
40 18
16 3
11 18
1 9
38 3
37 3
22 13
18 5
37 5
7 18
16 2
32 14
20 21
7 21
15 19
5 12
17 18
15 11
25 14
7 3
6 15
29 8
21 18
39 1
1 23
25 15
30 18
2 20
19 1
22 19
40 1
26 15
23 1
5 17
2 4
2 16
8 18
7 13
38 11
36 3
36 5
25 13
33 23
36 7
33 5
2 11
38 23
36 2
10 19
4 14
37 9
30 10
9 7
3 7
15 1
29 9
35 3
12 16
34 17
14 15
17 11
22 18
37 2
17 17
17 22
13 7
18 10
37 21
18 19
38 18
19 7
11 15
5 21
27 13
26 10
6 19
23 6
6 6
13 4
1 14
20 9
7 1
9 21
23 5
24 13
35 21
34 7
11 7
36 14
18 20
24 5
22 10
4 2
13 19
38 1
19 3
16 6
39 17
33 2
13 17
10 9
37 19
31 18
9 14
37 15
29 2
27 3
37 6
18 16
29 4
3 14
21 12
27 2
21 17
35 14
32 12
38 12
15 21
40 17
39 10
10 3
8 6
36 12
24 4
2 2
38 16
29 13
36 16
15 23
24 18
9 19
32 15
11 8
23 20
32 11
31 9
31 15
29 12
16 22
28 2
38 2
30 5
6 22
3 23
23 4
4 21
29 23
34 2
16 7
17 6
18 6
35 1
12 1
20 13
19 8
2 1
39 22
8 11
8 17
17 20
32 20
27 7
2 14
10 7
2 3
32 16
6 7
36 19
37 10
26 4
3 17
6 23
28 10
27 19
18 11
33 7
26 23
27 15
16 20
35 8
20 15
39 15
31 5
25 5
1 18
5 22
16 23
31 4
1 8
37 13
9 5
24 9
22 4
34 15
33 14
15 18
35 2
20 19
30 14
37 1
31 22
5 5
18 23
12 19
30 13
24 6
15 8
43 41 657
27 13
36 14
31 6
32 41
14 30
29 13
43 32
40 7
19 37
39 1
14 4
1 13
20 9
15 26
37 18
6 35
17 21
5 21
31 25
35 25
14 34
3 16
6 17
30 13
25 38
6 3
41 10
28 21
11 6
31 13
28 41
36 11
33 28
6 24
25 10
18 18
42 4
35 21
38 33
5 37
31 38
32 22
24 21
41 34
5 30
9 1
17 34
31 29
28 31
2 30
35 9
42 3
6 4
33 24
2 2
31 41
3 6
26 35
35 40
1 24
33 25
29 18
30 4
10 11
27 18
23 37
37 29
28 28
39 15
27 8
28 32
21 8
21 3
35 15
20 11
36 23
3 1
24 17
39 8
30 14
10 20
10 21
23 2
7 31
1 28
1 9
40 41
41 3
36 36
3 7
10 22
4 28
18 29
36 19
1 26
16 16
4 21
6 27
15 11
38 25
36 21
15 14
42 21
19 8
4 5
38 5
26 13
24 3
9 40
24 38
34 17
18 39
28 16
6 13
7 13
29 14
16 11
30 36
4 8
29 40
33 39
11 40
10 1
33 8
33 7
13 33
20 32
26 37
31 31
32 8
35 17
38 10
12 11
14 2
42 41
10 16
5 17
4 37
40 29
10 40
33 37
36 30
41 12
29 10
17 41
43 30
33 40
13 14
10 8
26 23
29 17
43 1
42 10
24 24
32 24
20 23
10 36
13 26
2 5
27 28
26 39
23 31
11 12
24 5
1 23
41 14
30 32
26 40
37 20
30 23
31 39
33 5
15 31
34 6
39 30
24 16
42 35
5 12
34 35
25 5
27 15
31 26
11 1
37 25
6 41
29 41
39 4
28 5
1 15
13 3
36 18
39 29
26 6
41 11
13 30
4 22
10 37
16 33
24 26
20 20
2 8
39 27
33 35
21 22
19 5
7 11
5 35
12 40
33 21
7 41
38 39
34 21
7 34
43 15
9 21
32 23
26 30
18 22
17 24
23 40
19 40
26 4
18 19
15 27
37 21
5 2
36 3
2 21
12 5
43 6
18 27
21 36
22 41
25 11
7 26
13 2
6 31
37 37
4 38
11 14
43 24
32 25
29 12
29 15
3 10
17 38
41 38
8 24
16 13
15 20
18 40
12 6
15 29
13 13
41 19
7 3
12 19
42 15
19 14
27 5
3 15
42 26
16 20
37 27
8 5
29 2
32 11
18 37
13 24
7 23
13 34
15 8
33 32
21 10
32 15
33 31
33 3
12 26
2 25
23 15
39 39
14 16
8 28
35 4
3 40
38 22
16 6
39 41
19 29
19 27
30 16
5 20
37 13
14 7
38 8
22 35
17 23
31 40
8 30
41 16
21 35
16 22
29 3
42 17
38 17
19 31
7 6
29 7
26 32
32 40
21 14
17 40
1 4
5 31
11 13
1 36
24 27
21 39
25 1
42 13
39 3
16 10
14 8
30 38
33 2
18 23
22 19
40 36
41 41
11 23
21 17
33 1
7 8
27 32
29 8
4 9
43 13
29 26
14 40
27 14
37 19
36 5
1 22
35 16
13 10
1 21
28 12
12 34
25 39
7 4
22 12
25 14
27 24
42 28
11 4
35 27
37 3
41 2
25 23
37 38
8 20
10 32
17 36
34 27
22 7
1 37
11 26
25 34
28 30
12 33
39 20
13 35
34 13
15 10
14 32
5 13
43 5
43 33
8 33
2 33
6 29
41 30
2 23
17 20
4 13
34 31
8 26
6 15
23 25
12 4
17 3
3 34
2 1
10 34
7 32
25 16
11 38
5 6
19 39
21 18
31 5
20 34
32 14
34 34
32 1
10 30
23 4
16 34
6 36
25 17
18 8
40 1
8 3
6 34
37 1
28 22
26 19
27 27
18 12
19 32
30 11
33 30
18 17
5 36
2 15
10 15
24 28
35 41
15 37
24 34
3 24
4 7
20 27
17 39
43 19
18 31
40 38
11 11
11 34
33 36
7 39
28 11
19 38
23 13
23 41
26 3
17 26
43 34
15 15
40 32
3 35
35 38
9 36
37 7
4 23
23 21
39 13
16 14
21 5
41 7
42 2
19 22
28 34
6 9
30 33
35 11
40 11
9 19
19 1
36 22
29 33
41 21
30 30
35 20
22 8
17 17
32 37
5 15
35 22
25 25
37 5
29 11
37 16
5 18
11 9
1 31
22 39
16 35
13 6
24 36
11 29
9 15
32 32
2 41
16 1
37 11
21 7
5 39
21 9
8 18
36 39
20 39
3 17
41 26
23 14
28 15
26 25
18 15
31 4
9 5
11 27
28 7
38 37
20 18
41 6
25 3
30 34
19 30
37 28
18 33
12 14
10 28
21 16
3 36
7 9
36 9
33 20
25 32
5 38
5 3
18 5
20 1
28 39
35 26
39 6
5 10
2 22
16 36
17 1
13 28
5 29
12 35
1 38
35 23
11 28
27 35
36 38
6 26
26 27
8 16
9 18
40 31
21 13
16 39
43 10
30 40
27 30
24 10
14 12
18 14
4 26
42 29
40 40
1 17
12 13
43 23
31 10
25 9
39 37
43 11
41 36
36 25
33 19
8 7
2 16
42 18
31 3
14 28
23 8
29 34
19 23
40 24
31 12
1 40
2 12
32 13
9 13
8 9
32 16
6 37
13 27
3 30
1 12
29 16
21 25
41 15
38 40
12 22
39 25
8 17
14 13
13 11
7 33
13 18
25 35
27 10
26 5
8 19
35 31
2 13
23 38
26 41
30 28
21 37
37 17
43 39
21 11
23 27
34 11
25 8
27 6
27 19
19 3
9 11
4 34
38 31
36 34
8 34
16 19
15 34
42 11
8 35
40 6
17 31
17 22
28 2
8 39
22 2
15 9
32 20
4 14
35 14
40 15
30 6
27 25
7 19
4 32
16 25
2 31
6 21
3 12
28 37
40 17
12 24
19 10
32 36
41 28
2 21 2
1 9
1 1
43 43 816
37 35
6 33
42 12
5 3
21 12
4 43
25 37
41 33
9 18
22 35
1 14
25 2
17 20
42 16
27 27
32 41
11 15
42 36
40 38
33 30
35 16
23 34
2 42
22 20
34 20
18 8
42 21
23 1
22 21
29 41
17 10
29 1
14 28
36 43
5 5
10 43
36 42
11 26
43 35
18 15
4 14
37 17
19 14
24 11
17 22
22 8
12 31
18 9
31 10
9 19
4 17
28 6
24 19
2 18
40 35
3 38
27 33
11 39
10 23
10 18
4 9
24 7
15 37
40 27
3 30
17 31
28 14
41 40
18 37
37 23
33 16
33 24
12 4
30 2
20 27
39 23
17 8
30 22
21 4
22 18
15 13
9 11
7 19
10 13
30 19
28 16
25 15
14 21
8 11
2 26
31 27
26 21
26 16
9 5
8 36
27 43
32 10
32 43
27 41
37 27
3 28
14 36
25 28
4 24
36 1
16 41
18 39
2 37
32 5
13 11
25 24
34 39
27 2
38 19
22 14
38 4
19 30
21 28
38 2
11 7
28 12
30 23
39 13
14 9
23 3
17 4
16 9
9 12
37 22
29 24
6 20
33 26
26 26
17 25
19 39
20 18
43 29
18 3
39 26
6 21
39 11
20 3
12 35
3 6
24 41
33 43
11 42
2 6
35 22
32 14
13 2
23 14
27 24
17 7
2 28
40 4
3 17
41 37
2 27
2 14
11 33
17 34
16 5
27 31
27 39
40 6
22 19
26 40
5 26
32 26
26 36
31 32
14 35
14 31
9 23
30 30
21 29
35 14
8 10
42 30
14 30
14 25
15 12
12 18
40 5
13 1
34 9
15 31
7 25
6 1
43 11
6 38
41 36
19 42
22 41
8 21
3 1
15 25
33 28
15 32
7 13
15 18
38 31
30 41
18 13
39 24
6 30
20 9
40 14
23 37
37 28
13 6
12 28
36 25
35 19
33 9
17 43
43 33
38 16
24 17
12 6
17 1
5 19
34 5
16 19
2 40
28 39
6 25
12 29
24 26
27 16
10 29
3 18
28 24
26 32
15 9
10 2
43 5
33 17
26 15
28 3
41 34
23 20
9 2
36 15
7 17
31 2
9 16
38 6
6 32
20 36
22 31
11 31
23 4
38 10
32 28
21 43
9 36
32 29
11 22
43 17
4 38
6 43
31 42
29 23
35 25
32 33
35 41
37 26
39 25
15 5
34 22
21 3
38 8
31 3
15 6
5 27
9 31
14 41
38 26
6 40
5 2
6 23
42 42
25 27
32 39
41 38
34 13
17 38
7 23
20 1
34 24
25 32
15 14
14 12
6 2
11 43
26 33
14 43
17 26
24 40
1 11
26 35
42 2
18 30
18 42
14 11
40 11
9 30
34 6
4 1
11 35
9 13
20 37
36 28
7 21
43 37
15 11
32 40
41 21
38 20
43 43
26 8
38 37
24 3
1 40
24 4
11 14
14 5
20 23
13 40
37 30
34 27
27 22
23 41
24 30
8 19
12 27
12 40
29 29
23 40
26 18
35 3
23 18
10 17
40 25
6 17
4 39
34 32
26 25
2 10
11 13
39 5
38 12
27 8
42 34
19 35
21 13
40 26
38 36
21 39
10 15
6 29
29 30
23 21
32 35
23 9
16 16
4 42
30 26
37 43
1 23
40 12
4 25
16 31
26 31
40 24
25 12
42 26
11 40
3 25
29 6
18 35
29 14
28 9
7 11
8 43
6 14
10 42
30 42
3 21
27 13
34 8
32 23
33 32
28 43
28 22
5 29
12 30
28 1
6 9
3 4
23 27
33 12
20 14
31 11
13 17
35 12
13 39
36 16
35 28
34 25
30 4
29 17
19 3
41 16
16 29
1 19
23 25
36 29
4 4
1 29
43 15
19 32
43 9
20 26
13 31
39 6
33 38
35 21
11 29
8 41
37 15
41 19
8 20
16 1
24 42
7 28
11 2
9 35
11 11
20 29
36 37
22 7
30 36
8 28
29 13
25 31
7 38
28 20
15 28
34 18
19 41
1 13
35 17
30 31
37 7
6 31
10 33
31 30
18 23
39 3
1 3
43 36
3 9
13 34
31 39
6 35
30 11
35 27
30 20
4 34
39 21
41 39
27 4
23 24
23 5
28 5
43 16
31 40
28 17
7 12
42 15
26 37
12 34
8 6
41 2
8 25
2 39
41 24
6 3
37 12
13 35
31 16
43 31
38 34
13 29
9 21
37 11
23 23
1 22
25 42
10 27
14 27
42 13
21 27
25 7
5 7
34 28
22 32
27 25
41 26
24 24
11 24
33 27
16 6
9 7
35 1
42 14
14 24
7 27
22 4
14 1
39 43
18 31
20 7
9 15
39 17
5 25
12 8
14 14
11 23
34 31
2 36
31 31
41 35
6 24
9 26
5 17
28 4
37 19
6 10
26 30
22 33
42 4
36 31
18 12
7 40
10 25
1 26
25 3
18 43
24 28
10 20
36 4
32 6
22 26
1 32
36 24
33 37
5 24
26 5
29 43
5 1
13 21
16 14
36 19
26 29
21 38
21 30
33 41
8 14
29 2
25 40
30 37
8 1
19 7
34 38
17 18
40 41
40 20
31 36
12 37
1 42
7 8
9 10
22 11
18 16
27 18
27 36
33 11
11 38
43 22
38 40
32 21
10 14
37 34
20 16
15 23
26 28
11 20
31 5
36 26
37 32
28 23
27 40
29 42
39 7
15 8
5 15
3 12
18 33
34 21
1 39
7 24
8 31
37 36
14 4
35 30
29 12
40 30
34 14
31 21
19 31
25 34
23 29
42 7
12 11
26 20
14 18
18 24
31 34
42 43
1 24
28 29
38 29
30 10
26 17
8 16
40 28
7 30
1 36
40 39
22 34
22 36
41 18
41 10
16 8
30 21
4 12
34 3
3 13
43 4
39 39
31 24
4 30
38 15
21 5
22 10
41 25
2 8
14 20
5 35
23 13
18 41
37 40
1 17
1 8
6 5
19 25
8 23
14 38
30 14
6 16
43 42
16 27
13 12
36 20
29 28
10 31
11 17
8 3
29 21
25 41
10 10
40 40
35 32
36 39
19 20
1 35
5 18
25 13
13 30
34 36
5 30
10 3
25 33
5 10
18 5
40 42
31 18
43 34
42 31
9 22
18 38
12 14
18 25
8 39
39 4
5 12
20 41
39 30
17 42
8 24
36 6
31 33
8 13
30 1
14 6
15 27
28 37
24 14
7 5
34 34
35 15
41 23
36 27
40 43
35 33
10 34
41 15
11 10
32 36
17 12
20 13
15 26
35 20
24 38
7 43
39 18
30 9
17 23
29 35
7 26
13 25
21 33
30 18
31 22
23 39
34 4
9 32
33 36
10 19
22 39
7 22
27 29
3 26
5 16
42 11
15 24
34 26
21 16
25 26
2 33
19 34
43 10
13 26
17 15
39 15
4 22
38 18
20 15
41 17
6 8
4 11
1 20
25 36
35 4
37 14
15 21
38 25
15 19
40 37
1 16
10 16
25 18
17 14
3 31
16 40
5 39
39 31
8 8
17 30
17 24
8 27
14 13
9 25
23 2
17 11
26 7
43 1
7 18
38 38
6 18
2 23
23 15
4 40
16 43
35 10
31 43
10 39
11 16
9 34
13 41
21 18
15 40
35 11 172
22 4
18 3
23 10
22 3
17 4
4 6
31 6
32 7
3 4
15 4
33 11
2 6
14 4
19 4
8 5
4 2
14 2
25 5
17 2
14 11
35 7
30 9
7 3
26 4
13 11
34 4
27 5
15 11
27 6
25 6
31 9
34 10
30 2
9 8
13 4
24 2
7 5
29 10
2 9
2 7
19 10
13 1
29 8
28 9
1 4
25 11
18 5
14 7
23 8
3 3
25 8
4 7
25 4
17 8
2 8
10 6
19 7
25 10
26 7
18 10
33 2
26 9
23 4
5 10
8 9
22 1
32 5
11 5
23 5
16 3
12 8
5 2
35 9
32 8
35 8
20 4
29 3
13 9
7 10
9 6
35 10
32 4
32 10
2 11
7 7
22 11
14 8
13 3
30 8
19 11
33 8
33 6
24 3
1 2
8 6
34 1
21 6
24 8
3 2
28 11
6 7
12 9
26 6
17 6
12 1
25 2
22 9
27 8
4 10
29 5
21 3
6 4
34 11
35 1
31 4
35 5
28 3
15 6
34 5
18 7
13 2
5 1
35 3
33 5
7 1
11 3
21 11
29 6
23 11
8 8
8 11
12 11
27 4
27 7
24 1
33 3
20 10
1 6
28 5
18 4
19 8
23 7
18 8
26 1
23 9
6 8
11 8
24 10
32 6
19 2
18 11
9 2
29 9
21 9
3 10
6 6
8 2
33 7
30 5
3 9
27 1
10 5
9 4
30 1
24 9
10 7
9 7
21 8
17 7
1 8
2 3
14 6
20 39 84
7 21
14 34
10 10
12 23
19 7
5 12
15 27
14 16
3 35
11 25
20 16
19 36
2 36
3 24
17 26
9 5
12 24
13 30
13 39
16 39
12 22
16 4
19 30
8 4
7 29
17 12
10 38
4 19
18 37
1 12
11 29
13 29
7 12
18 5
15 25
5 15
12 33
8 13
2 21
18 36
5 19
14 32
4 37
7 26
10 14
12 34
13 31
6 20
2 15
11 20
20 34
17 17
17 30
6 27
13 18
2 3
1 6
19 38
12 27
19 16
3 2
8 23
12 10
5 2
17 38
7 35
8 1
19 6
20 1
3 1
9 8
20 35
19 24
1 23
11 15
4 11
4 30
13 6
19 21
12 37
1 1
6 12
8 33
10 35
41 41 722
4 5
2 16
39 12
19 36
17 36
27 8
13 30
16 2
35 33
40 24
29 15
21 37
6 20
15 2
28 30
17 3
34 14
13 31
24 11
21 40
25 23
3 22
29 34
25 20
18 18
21 7
38 35
5 10
34 13
38 24
32 12
12 4
19 14
5 3
28 22
37 6
40 5
40 34
41 28
18 19
15 8
24 36
29 11
6 8
33 7
7 24
15 9
23 32
11 21
39 18
16 12
2 19
34 25
16 8
24 25
1 20
3 23
9 6
6 7
6 9
4 27
26 1
33 3
6 23
14 34
21 23
12 37
13 11
31 7
4 36
6 35
40 26
16 16
41 5
26 8
7 18
11 8
11 10
17 18
6 13
30 25
19 27
30 36
21 4
8 32
35 6
22 12
1 38
17 19
20 8
7 23
20 22
40 31
36 3
29 16
13 18
23 27
5 29
16 9
32 23
30 16
41 37
1 35
10 16
17 5
6 22
27 1
25 16
22 17
9 19
26 37
14 36
8 3
21 22
31 19
40 28
22 28
13 4
32 33
4 1
2 7
41 13
1 19
16 26
41 27
33 39
11 20
22 20
33 35
10 38
21 28
1 1
40 1
35 15
31 25
37 9
8 39
1 10
2 36
12 38
37 15
4 9
11 35
34 21
29 19
31 5
30 2
17 40
5 11
12 28
7 10
22 19
7 32
29 18
8 34
23 8
30 33
29 5
10 41
20 10
1 2
1 27
24 19
12 12
29 35
15 40
19 5
21 20
33 38
17 26
38 32
38 18
40 21
28 4
28 41
5 38
30 34
39 8
35 4
24 20
20 31
37 22
2 14
21 41
25 41
18 37
38 34
34 36
12 9
15 22
12 15
6 30
2 33
14 4
4 24
33 10
33 37
22 26
8 30
36 30
8 4
25 12
29 36
4 34
27 7
30 31
33 6
35 37
27 40
22 25
35 10
5 39
34 27
13 1
25 3
28 10
3 40
34 29
11 19
11 34
17 28
2 41
15 28
14 24
29 29
24 39
9 31
9 35
20 1
10 11
25 6
28 18
39 4
34 16
21 3
20 3
3 3
36 28
4 3
10 24
36 32
37 38
30 20
9 11
24 10
8 21
31 14
14 6
8 17
37 39
32 7
32 17
22 24
11 3
15 33
12 29
34 22
5 24
26 2
25 2
7 9
6 38
7 35
24 21
1 13
35 8
18 40
29 1
14 5
19 41
21 5
22 15
1 28
7 38
29 8
2 13
34 6
37 21
33 20
13 41
20 14
12 30
25 18
13 12
34 37
18 29
15 30
30 39
20 21
10 19
1 23
19 21
5 34
19 25
28 8
28 35
10 40
30 41
4 31
4 28
33 41
1 29
41 19
13 5
40 25
10 8
28 3
35 20
17 24
26 10
8 11
13 36
3 29
35 38
16 27
31 11
23 11
22 16
9 8
35 17
29 37
39 27
32 27
8 16
37 12
36 12
16 37
36 29
18 34
29 20
31 15
32 20
31 1
25 4
14 27
10 3
32 3
32 8
26 28
36 18
37 14
11 14
27 13
26 12
7 7
4 20
5 18
29 17
13 15
5 17
2 9
16 23
32 37
18 11
29 39
34 39
18 38
17 8
20 2
13 32
8 38
14 9
12 10
1 36
22 38
33 36
15 27
5 32
19 39
6 16
33 11
28 17
23 4
5 26
22 9
15 41
31 21
27 41
14 38
26 19
4 25
9 18
34 15
17 33
14 40
23 16
39 23
15 25
32 14
38 5
30 38
31 40
30 7
25 36
3 31
26 35
9 10
26 38
20 29
31 6
18 8
14 7
10 31
15 36
15 21
7 22
35 2
32 32
9 17
27 16
16 18
26 7
37 40
27 32
4 17
3 15
39 2
14 11
25 39
33 22
31 9
15 10
29 3
39 28
41 33
5 35
21 13
30 32
24 1
36 26
41 3
41 23
22 31
40 35
24 34
36 23
1 30
5 19
16 24
21 35
12 27
36 41
41 39
35 16
6 5
36 35
20 28
20 36
20 9
31 18
16 38
34 34
9 32
10 20
18 24
38 28
27 33
8 13
41 24
6 28
39 26
25 25
8 26
35 35
35 19
9 38
33 23
33 25
15 19
35 23
11 26
8 14
12 25
28 38
38 41
39 19
32 29
40 39
21 12
7 36
8 18
18 32
33 16
33 30
6 12
9 20
13 38
31 27
17 34
39 29
23 14
14 30
31 17
35 21
27 29
41 32
15 31
16 30
8 27
21 36
32 41
3 34
37 4
9 34
23 18
39 31
22 4
3 12
24 3
30 14
3 26
24 16
31 8
19 2
21 34
21 14
9 24
8 35
23 36
18 1
13 26
18 36
30 26
29 13
28 9
34 9
3 38
24 38
29 7
8 20
27 38
8 28
10 18
41 1
10 2
23 21
3 21
41 36
2 5
27 9
20 33
10 13
40 40
16 35
30 30
23 23
12 35
16 13
32 15
37 5
7 17
27 31
34 10
20 41
41 16
11 30
17 13
17 17
31 39
13 2
35 9
5 28
18 7
7 1
41 40
1 12
25 27
20 35
13 6
13 35
28 31
39 32
21 6
16 5
34 8
12 2
20 37
40 10
10 32
19 10
20 25
13 29
27 18
7 4
41 18
35 32
14 19
8 19
19 4
1 15
14 35
24 12
31 34
37 30
23 41
7 25
14 23
34 41
33 33
18 35
40 41
37 7
9 28
19 16
40 27
4 30
35 18
38 11
6 2
28 24
33 8
2 40
16 41
14 17
26 22
30 22
24 17
7 3
29 30
13 33
26 5
37 16
4 22
33 4
34 31
29 38
25 35
27 36
27 20
5 30
37 41
38 9
9 3
9 12
4 32
16 39
2 8
10 30
3 17
41 8
1 24
22 36
6 14
23 15
32 13
2 35
36 16
16 36
27 17
22 2
31 28
23 3
22 1
3 11
3 8
17 4
14 29
22 13
2 37
6 27
33 9
2 20
18 28
36 9
38 10
16 14
26 20
19 29
24 22
7 31
5 41
24 14
4 11
9 30
34 1
12 16
25 14
17 30
7 37
13 7
38 19
40 15
16 20
11 24
40 19
24 33
6 25
25 28
34 19
13 39
33 29
24 6
3 1
35 7
19 31
9 5
6 1
19 20
24 31
2 15
27 28
26 17
13 8
28 11
40 29
21 31
41 11
15 4
32 2
2 29
6 15
15 1
9 22
32 31
7 33
31 29
2 6
37 32
17 22
18 15
15 11
30 27
14 17 62
8 6
9 2
7 13
9 3
7 2
10 7
11 17
4 17
13 6
3 6
14 6
3 1
8 12
7 17
14 3
7 1
7 10
7 14
8 15
10 9
9 11
6 13
13 16
2 17
2 16
11 8
11 11
5 1
10 14
11 7
14 8
11 6
5 2
14 2
2 2
7 3
5 6
5 15
7 6
2 11
1 7
4 10
13 4
13 12
8 16
9 9
12 13
2 6
11 15
12 3
9 17
5 5
12 15
4 7
5 9
14 15
14 16
8 7
6 12
3 8
8 17
1 4
29 17 197
14 13
19 17
21 14
22 3
26 11
1 16
17 11
3 13
26 10
1 17
22 11
25 16
15 16
7 6
21 3
11 7
13 11
25 8
5 7
27 1
4 3
6 7
13 16
14 11
23 11
7 10
23 12
28 13
25 13
18 13
8 4
22 4
15 1
19 15
6 15
10 17
20 15
8 10
3 7
15 11
4 5
26 3
17 14
9 4
10 4
19 1
12 9
29 12
20 9
2 6
2 3
14 8
17 16
2 12
17 15
6 16
7 7
17 6
28 6
27 4
5 17
13 2
26 12
22 17
10 5
21 8
16 12
17 10
10 13
28 14
12 11
1 15
7 15
13 3
26 2
23 10
20 2
5 16
18 14
17 4
21 16
5 11
15 10
27 3
2 8
27 16
11 13
6 6
27 14
21 12
20 11
9 8
28 1
3 11
20 17
11 6
5 15
7 14
2 10
1 11
21 1
27 7
19 10
17 7
22 6
12 16
26 6
3 4
9 10
23 4
2 5
12 6
21 6
12 15
9 6
25 9
20 3
2 1
28 15
22 12
29 10
19 13
4 10
20 6
24 10
12 4
13 14
15 6
9 12
24 17
6 13
4 8
16 11
16 6
28 9
10 11
23 5
17 3
14 4
16 14
15 8
5 6
25 17
29 17
19 11
24 9
26 15
24 3
17 8
24 13
3 10
19 8
12 17
22 14
3 6
19 2
7 16
25 1
1 8
21 5
17 5
24 14
4 12
15 14
8 5
29 14
18 15
5 9
8 3
1 7
27 17
29 13
24 16
18 16
13 17
3 1
3 12
19 5
26 5
9 1
5 10
27 15
18 17
25 6
1 3
16 7
4 7
11 12
8 12
7 4
9 9
5 5
20 1
18 4
4 14
5 2
22 8
11 35 182
11 19
4 30
2 5
7 33
9 26
7 24
2 7
9 14
4 15
10 20
11 9
9 2
10 34
9 33
10 33
2 18
1 25
9 11
1 9
7 22
3 20
3 11
7 20
9 24
9 17
8 26
10 19
8 19
9 5
4 6
2 27
11 35
10 12
8 10
8 12
8 1
5 22
2 10
11 22
7 12
5 28
4 16
3 17
5 24
4 35
7 21
11 27
5 23
7 25
2 24
4 25
3 9
2 14
10 29
10 26
5 5
5 6
5 20
1 5
6 22
10 11
9 10
4 14
11 31
6 12
11 29
8 16
7 19
9 15
7 34
2 6
6 4
8 3
5 18
10 17
6 13
2 34
9 32
5 11
2 35
11 11
7 13
8 5
1 24
7 29
5 29
9 27
6 35
8 15
9 9
10 23
4 10
4 23
10 1
7 31
8 21
7 27
9 20
9 31
11 4
11 17
3 15
5 15
7 17
7 3
1 13
6 32
11 26
4 19
3 31
1 21
9 18
6 19
7 9
2 21
6 31
5 3
3 10
8 22
7 18
5 33
3 4
2 33
7 5
4 1
10 16
4 28
2 13
8 30
3 21
11 1
6 28
4 21
1 4
8 33
2 22
8 32
2 28
6 29
2 11
1 19
3 13
9 23
1 7
4 27
10 8
8 23
11 15
4 2
4 24
9 4
4 13
1 18
8 8
8 4
3 24
8 24
5 8
4 29
4 5
8 7
8 14
5 14
10 22
4 4
1 27
7 28
6 9
11 24
9 21
1 1
3 22
5 1
3 32
7 26
6 3
6 6
3 3
3 19
7 4
2 31
2 29
13 19 75
12 1
7 13
4 17
1 13
11 12
5 6
11 1
3 8
5 19
11 17
13 11
7 9
8 12
2 15
6 15
9 9
5 17
5 2
8 17
3 4
2 8
12 4
5 5
2 12
1 19
5 1
2 5
9 16
6 17
11 16
5 18
7 17
13 14
8 1
2 11
8 6
12 3
5 13
4 12
10 8
10 18
2 4
3 17
10 5
1 14
7 15
10 2
11 9
13 17
4 1
8 19
1 18
11 19
7 2
7 11
11 18
4 16
1 5
12 2
10 13
9 3
10 4
9 10
10 19
12 8
10 9
8 8
12 12
12 15
3 7
5 3
7 6
9 7
9 18
12 19
30 16 75
10 2
10 6
7 8
24 14
6 13
20 5
21 4
14 7
24 13
5 12
27 13
23 14
2 7
8 11
2 16
26 5
29 4
10 4
4 3
16 7
6 5
18 12
10 14
6 11
23 4
7 7
12 13
25 6
1 2
25 16
7 2
23 8
7 10
8 16
5 14
25 5
5 6
12 14
5 13
27 5
2 15
14 3
15 8
17 14
23 3
3 16
28 6
12 8
15 12
28 2
20 15
7 12
21 7
17 2
27 8
30 9
22 14
7 6
19 13
2 8
15 10
18 1
16 11
14 13
1 9
10 12
8 14
3 15
3 5
9 11
14 2
16 15
19 16
6 14
29 10
19 48 375
10 37
13 13
12 46
11 46
16 32
5 46
12 19
6 17
5 41
10 12
10 10
17 4
10 19
11 30
15 18
4 10
8 3
13 24
7 33
8 14
19 20
13 26
3 28
6 38
8 35
19 5
3 6
7 35
17 24
7 34
11 40
12 6
6 20
4 37
5 11
3 2
9 2
6 18
15 42
5 17
10 9
1 9
12 32
17 32
19 15
1 48
7 40
10 34
17 9
13 15
3 12
2 31
4 38
9 33
10 17
16 14
18 3
15 14
15 30
10 23
8 17
5 3
12 29
13 44
19 34
1 42
13 33
13 37
19 29
3 41
10 44
9 39
12 24
14 35
14 24
4 2
16 41
11 7
17 1
10 14
2 37
5 15
7 27
6 36
13 34
3 43
6 45
5 42
9 10
8 8
15 44
8 39
7 32
18 8
11 18
7 10
17 18
1 1
16 3
18 5
10 15
9 35
2 47
16 13
14 28
2 19
10 3
2 24
18 38
18 12
11 26
1 31
4 16
11 10
8 10
1 41
15 10
6 43
9 43
14 26
10 7
4 28
18 36
15 1
15 47
19 27
3 4
3 24
2 9
16 15
7 22
15 48
2 3
1 15
5 48
6 26
14 7
6 2
5 45
7 23
13 7
6 32
16 1
10 35
7 17
6 6
5 13
5 44
16 44
14 2
5 5
4 26
8 34
2 29
6 34
19 35
11 28
9 17
18 47
18 9
6 1
5 8
18 30
15 32
11 38
4 33
2 16
12 15
3 20
11 23
15 27
3 31
1 11
11 32
15 39
3 9
17 8
8 20
12 23
8 7
2 21
3 18
4 20
18 15
7 13
1 12
10 30
2 34
10 32
9 15
8 21
14 27
2 27
3 42
3 23
6 3
6 16
19 41
5 28
7 12
12 27
16 19
8 43
11 31
9 48
11 3
2 7
3 16
9 41
18 44
5 4
15 36
15 26
13 5
10 1
1 30
15 34
1 34
12 41
17 14
10 28
16 26
12 25
1 28
13 35
7 4
14 48
12 12
11 33
19 46
17 37
14 44
15 21
9 6
15 31
19 9
17 25
11 25
4 17
10 4
8 15
13 39
18 4
8 28
10 39
16 38
19 16
4 14
12 37
17 44
16 9
11 19
14 42
5 21
4 31
4 30
6 27
18 48
8 37
13 16
2 35
16 16
16 22
1 18
15 19
2 1
17 39
1 25
4 19
10 41
11 21
14 15
9 21
8 9
18 42
8 12
14 46
5 30
18 41
12 31
9 30
15 5
11 43
15 29
19 25
9 46
6 39
8 4
7 20
16 21
18 7
17 29
5 22
8 16
8 26
14 45
9 44
12 17
13 28
4 9
14 6
4 23
3 37
14 19
9 23
4 12
17 36
6 44
19 30
1 3
7 29
1 32
1 38
14 1
14 14
11 14
7 11
9 45
8 27
12 39
5 12
4 35
7 1
11 15
5 38
7 26
18 23
17 43
18 6
5 39
6 5
3 47
14 12
13 6
5 31
19 23
5 7
15 15
6 22
11 8
17 27
11 2
9 4
11 1
4 1
1 4
10 31
14 30
1 14
2 25
12 26
4 24
15 23
13 11
17 16
1 21
6 4
8 22
10 46
17 26
14 40
12 40
9 20
9 27
8 30
3 35
10 6
7 21
10 8
15 37
17 12
12 48
3 25
17 15
8 11
26 36 68
8 4
14 16
10 11
1 27
19 27
14 26
13 27
22 18
23 2
24 20
7 5
16 16
10 28
13 12
11 10
1 9
6 18
2 33
2 21
9 7
18 10
7 23
1 35
18 2
9 29
21 11
23 7
13 19
4 11
13 29
25 9
17 6
11 23
17 16
25 20
21 36
6 36
11 7
1 13
4 14
3 33
15 34
3 28
13 34
6 35
16 36
7 27
11 12
22 35
11 17
8 24
25 10
1 32
9 21
2 11
7 13
19 28
5 7
18 33
19 1
20 3
2 35
7 36
24 27
2 16
20 31
4 8
23 11
27 35 393
19 32
8 28
17 17
11 35
27 30
5 6
3 18
2 28
3 7
6 14
26 31
26 32
6 10
11 6
12 19
18 19
19 16
1 10
15 5
18 35
26 2
27 29
6 20
24 16
1 17
3 17
17 22
27 17
21 33
8 32
18 29
13 30
5 24
11 12
26 33
14 13
25 6
8 6
22 8
19 10
3 9
9 2
5 10
23 7
20 21
4 26
10 35
7 21
15 29
15 28
23 5
13 14
7 34
5 25
7 11
17 5
4 8
25 13
9 16
25 26
19 11
26 12
1 34
19 30
10 26
20 8
2 1
27 10
17 34
10 7
13 29
23 26
7 29
22 15
22 1
11 18
12 23
7 16
19 19
25 33
2 6
8 19
18 25
1 11
11 24
13 10
1 28
7 33
7 1
21 9
25 22
15 35
6 16
23 12
10 21
8 20
27 15
15 21
7 18
14 15
3 3
18 10
2 8
5 7
25 21
26 10
1 18
17 26
22 16
25 16
3 31
9 18
12 21
9 32
12 15
15 13
18 26
14 12
24 14
23 8
2 35
20 20
16 19
7 3
8 27
12 5
13 2
7 27
12 20
27 33
25 34
23 22
7 5
17 28
18 31
22 29
1 3
2 9
11 13
2 26
7 23
26 34
9 1
6 2
24 10
23 31
9 5
16 5
14 7
16 13
4 12
25 29
5 31
24 17
18 8
10 23
10 22
9 19
12 9
3 20
23 20
18 6
14 20
9 22
5 3
15 33
17 8
16 9
10 20
12 33
23 16
5 28
24 26
10 9
14 18
20 4
20 12
2 5
11 34
26 35
20 24
16 35
14 2
15 1
26 23
18 22
18 2
4 21
5 35
6 32
9 25
14 25
2 34
20 7
10 13
12 27
22 26
14 22
7 15
16 29
2 2
7 31
4 20
19 20
6 22
2 3
26 1
7 17
15 27
24 24
17 4
22 27
15 24
16 30
11 26
22 35
5 18
12 25
22 6
20 32
11 31
17 14
24 29
20 35
19 27
2 17
12 2
11 16
25 32
14 17
11 32
22 10
21 31
21 28
26 22
12 32
27 21
2 24
24 25
1 5
16 11
27 8
22 17
13 1
27 3
17 12
11 3
10 27
10 14
3 30
27 9
9 17
19 26
5 26
5 11
1 31
21 7
27 23
12 16
10 24
9 3
8 3
8 8
26 17
4 10
16 10
13 19
16 21
23 14
3 25
11 5
24 13
13 33
25 28
13 18
23 21
11 22
21 21
5 15
18 16
14 1
9 35
18 13
14 24
16 3
8 22
14 14
4 31
21 14
19 3
18 12
22 14
9 14
27 11
23 29
6 7
13 21
19 14
16 20
21 11
12 24
17 23
10 15
17 25
20 18
21 20
21 18
15 20
24 28
24 30
20 26
24 3
23 25
5 27
11 15
19 34
3 23
8 2
22 32
14 21
9 31
3 6
12 11
1 2
12 22
9 23
20 5
6 11
6 31
20 10
4 24
22 20
21 6
9 21
13 9
27 35
20 14
21 12
15 30
19 35
20 13
21 19
12 34
10 31
23 15
2 19
4 17
6 15
27 7
24 32
7 24
17 18
14 11
22 19
3 19
16 6
24 4
15 16
27 18
5 9
13 11
12 30
16 31
18 7
13 31
1 21
3 10
15 15
23 34
1 24
4 16
7 28
11 21
2 29
19 21
10 28
1 33
11 33
14 5
19 24
17 2
21 2
21 29
27 4
16 22
2 13
8 31
25 4
4 18
8 7
2 22
11 14
27 25
46 20 351
28 20
25 18
41 3
13 19
27 8
44 17
15 5
21 10
28 14
10 8
4 18
45 14
24 6
10 1
2 6
46 20
17 10
6 17
5 5
40 1
5 17
9 8
13 8
41 8
29 1
30 10
45 1
39 4
22 10
2 18
13 17
43 8
2 1
43 14
11 11
11 8
30 16
27 20
26 6
14 3
35 19
8 19
45 19
23 6
12 13
39 14
31 8
8 12
42 12
28 10
25 13
15 6
30 2
23 7
19 7
32 9
11 12
3 18
33 6
2 7
32 16
20 9
2 13
4 4
19 19
37 2
16 5
18 17
44 19
10 4
37 17
31 19
19 13
18 4
40 19
10 17
40 16
12 11
3 11
30 7
20 6
7 4
22 17
33 2
43 12
12 7
25 15
27 4
43 4
35 12
2 4
45 7
29 11
6 16
26 2
8 4
13 11
6 2
5 10
28 15
27 7
44 4
30 19
10 12
24 11
38 10
30 11
23 16
22 14
41 17
1 14
26 3
24 15
4 10
24 10
34 18
39 19
1 16
9 17
15 18
12 15
3 2
11 17
26 13
7 8
8 20
46 14
3 17
13 13
44 20
29 10
5 14
46 18
44 16
4 16
18 9
39 13
14 14
14 5
8 6
28 9
31 4
18 2
11 19
35 18
32 1
36 7
37 16
2 9
27 17
37 18
6 18
17 3
36 8
21 14
25 19
37 11
39 17
27 3
19 9
43 17
13 6
45 18
30 9
15 13
11 4
19 1
38 2
45 15
4 1
31 10
40 10
23 11
33 5
3 19
19 11
33 14
4 15
23 5
41 7
14 1
39 11
14 20
32 20
42 13
33 7
24 4
36 1
43 2
14 6
29 9
22 11
7 5
8 15
41 9
13 10
25 5
35 11
17 16
38 12
34 7
20 8
38 18
14 15
20 20
38 16
42 6
29 6
33 3
7 20
24 14
38 5
16 8
37 9
19 5
33 12
12 6
46 3
36 19
25 17
12 10
25 9
26 10
45 17
39 12
35 9
7 19
18 12
25 6
35 8
20 17
17 12
11 13
13 14
32 6
16 3
2 3
14 7
6 5
21 7
4 2
35 5
32 12
27 13
44 6
26 5
25 12
18 20
9 4
35 13
23 17
17 4
22 4
34 9
40 8
44 10
19 10
13 7
13 12
12 17
23 9
25 16
34 19
17 13
2 20
9 18
44 1
41 20
25 2
3 16
28 6
19 8
32 2
18 19
35 2
32 17
15 11
42 16
23 20
45 9
27 5
27 16
5 8
12 16
36 2
34 10
33 4
16 18
33 9
43 10
5 19
3 20
2 12
44 11
1 2
32 10
20 13
20 12
24 5
23 18
20 15
45 4
36 12
16 12
46 16
42 2
10 3
1 18
23 8
34 11
5 20
24 1
42 10
22 9
37 14
10 9
24 2
28 4
31 2
32 3
22 13
1 9
29 7
29 18
39 16
33 18
30 14
21 15
20 16
22 3
4 12
39 9
7 16
28 3
11 16
46 13
22 2
5 12
1 19
14 18
26 17
12 9
36 18
38 8
46 6
21 4
38 19
42 19
46 9
19 4
20 10
8 40 103
4 40
4 18
8 24
5 32
2 12
1 8
3 8
3 1
5 38
2 9
7 35
1 22
3 19
6 28
5 13
6 40
1 30
5 11
5 31
3 35
1 23
6 14
4 7
7 27
2 7
1 2
6 13
5 36
1 35
7 16
3 17
5 14
8 13
1 36
8 39
1 32
4 21
3 27
3 6
6 8
5 30
6 18
8 12
1 28
8 15
1 15
8 17
8 19
4 2
2 32
6 37
4 13
4 31
6 34
4 5
5 25
1 38
3 34
3 22
2 31
5 23
7 33
4 15
1 20
7 18
7 4
6 2
3 7
4 17
7 29
2 15
8 10
5 29
5 8
7 39
1 9
2 22
4 30
3 16
6 12
2 2
2 18
7 20
4 25
8 29
3 18
5 21
5 37
5 6
4 35
1 26
5 7
8 7
7 38
8 38
2 34
1 14
3 28
4 36
2 25
1 10
5 24
6 21
37 50 175
16 28
15 49
1 15
33 46
28 13
13 23
18 4
22 43
20 43
34 46
14 38
5 34
16 40
34 5
36 31
10 28
2 37
25 15
3 43
15 11
26 24
25 31
9 28
22 50
16 43
35 21
9 31
11 21
15 46
21 15
13 13
4 50
15 50
16 37
3 9
32 15
7 20
12 18
9 39
34 22
24 21
8 18
9 34
11 19
22 35
10 12
21 49
32 37
24 3
4 6
22 8
30 50
31 28
11 40
3 34
1 32
13 19
6 50
23 48
35 47
24 35
10 26
22 2
31 48
2 15
6 19
36 13
12 17
35 24
2 23
37 4
1 44
14 34
1 39
4 12
31 40
6 49
23 26
24 45
36 10
1 27
23 23
33 30
21 16
3 15
8 22
25 48
8 28
9 46
7 43
26 20
19 42
19 27
20 17
13 42
14 33
17 38
29 19
9 20
18 20
24 10
3 19
2 2
2 26
30 14
13 3
28 32
21 11
6 12
20 44
6 23
24 22
11 31
31 16
35 25
1 41
10 23
3 14
4 42
36 33
31 41
34 37
27 21
34 10
17 14
23 36
26 42
19 43
36 9
3 10
7 22
5 42
23 13
12 22
24 37
28 9
32 42
31 30
37 20
23 11
27 22
25 46
4 9
16 18
27 40
20 36
12 25
35 38
31 37
34 4
32 32
8 30
23 27
6 18
6 4
7 5
2 28
35 23
33 7
7 24
17 15
24 12
27 24
10 6
6 6
26 27
2 5
14 20
14 31
24 5
14 16
25 5
22 11
24 20
28 6
