100
734541 35073 602 8938
0 0 100 199
559992 0 451 1
831813 916097 932 5823
407075 278507 754 9942
829483 165537 567 9917
79243 248412 2 3925
386352 283466 596 9468
844459 123930 552 5904
409683 578223 301 7077
886367 202848 191 9915
158383 802992 554 2728
919305 451953 938 8990
856358 872526 637 6082
126067 181735 989 9956
613955 582475 525 9909
197895 929977 602 2607
456744 107555 479 3965
982433 505899 547 2124
595638 740023 211 9996
403719 940862 684 9946
276807 278847 825 1545
176333 998357 223 9939
734272 983493 877 9885
346988 842913 518 9931
29852 709940 528 9994
530258 240567 422 9978
456903 291514 737 9901
730077 706 326 4936
926388 939801 773 9992
433432 166824 416 201
0 204253 34 2651
870588 887315 786 1843
904368 553883 766 6881
451806 687401 315 7489
72541 33716 598 9974
967788 869729 912 9925
943341 602111 115 9903
563368 622201 719 5955
608731 193252 561 6005
224980 88238 361 534
736974 436764 89 738
619259 912740 999 5844
211927 33526 992 9945
432404 968485 530 9901
0 0 225 6125
381447 24586 584 5605
612388 222506 533 9955
451470 958223 43 9934
706686 491030 59 8791
612667 287061 581 9963
28312 624715 612 5319
603195 844080 527 7377
793738 313293 600 9904
165756 852650 225 9989
442736 386151 519 9917
87104 918215 129 7415
347603 0 537 5116
217238 376049 860 6770
208622 73756 867 9951
878373 435961 185 9983
164506 846196 537 9949
594776 477630 727 9976
718997 659922 463 2994
302434 629671 293 9951
918427 789724 64 9917
0 0 1000 10000
950427 870551 399 9691
307221 891327 387 9939
662335 873196 481 9949
167378 630123 277 9935
360985 656899 216 469
0 564560 822 1
200155 747309 989 6428
361439 57464 719 5991
796605 987598 257 7967
42152 127684 705 3959
355419 554318 790 3416
492991 0 167 1
421049 309185 370 9996
76061 400226 708 9955
375355 379069 413 6354
624121 632340 11 9187
852282 315856 904 9974
540741 398863 57 4389
13783 806703 156 9935
52640 803350 390 517
775294 424577 901 9955
523684 972994 719 9974
122056 937210 210 8911
828109 275014 709 2288
0 0 10 5
740660 656202 791 9983
453456 442111 71 9999
777742 448788 402 2205
0 0 516 1
929855 752017 627 9951
509842 456646 720 9924
925200 342090 7 9936
310465 722537 297 9959
