100
2 3 2
1 1 1
2 1 2
3 2 3
80 9 80
7 19 7
66 6 66
100 7 100
61 5 61
1 100 1
41 6 41
25 7 25
8 5 8
19 14 19
10 2 10
2 2 2
89 6 89
14 7 14
1 41 1
34 6 34
71 6 71
94 1 94
42 2 42
97 7 97
22 13 22
1 2 1
100 4 100
74 1 74
70 8 70
60 10 60
12 8 12
100 1 100
3 37 3
3 1 3
4 9 4
17 6 17
4 7 4
9 8 9
18 5 18
9 7 9
98 5 98
9 9 9
2 17 2
27 6 27
2 48 2
1 79 1
18 1 18
19 1 19
4 29 4
95 6 95
16 6 16
36 10 36
1 7 1
94 4 94
2 4 2
77 1 77
1 30 1
100 2 100
7 15 7
1 3 1
96 4 96
4 4 4
78 5 78
2 59 2
17 3 17
64 1 64
59 3 59
31 7 31
4 2 4
1 82 1
16 3 16
3 3 3
89 3 89
34 9 34
1 64 1
88 7 88
80 8 80
92 1 92
1 4 1
4 1 4
10 18 10
70 4 70
92 9 92
100 3 100
3 4 3
10 5 10
6 23 6
68 5 68
94 9 94
95 1 95
100 9 100
38 11 38
6 20 6
30 9 30
43 2 43
1 22 1
59 7 59
4 3 4
1 78 1
33 6 33
