5
2000 1999
2000 1998
2000 1997
2000 1996
2000 1995


100
1881 397
1944 1443
1070 72
1577 497
770 410
768 145
1212 464
1331 321
716 361
1974 826
1636 568
1646 1123
1375 853
1521 133
984 613
1986 1237
2000 1999
1986 200
1653 998
1413 965
1607 1507
1565 488
1579 901
1250 891
1697 1442
1589 1437
1973 445
1540 479
831 726
1537 907
177 94
1952 34
1824 32
1996 490
2000 1
1705 1131
1149 73
1218 23
1161 193
1746 1017
1217 523
1619 576
629 331
1344 1323
1986 1769
1724 6
870 627
1848 451
1826 785
977 15
1884 566
470 126
1721 1494
1093 583
1806 1761
644 343
1759 1386
1503 1284
1333 1288
1469 1426
1 0
1045 1013
1893 297
952 668
2000 0
1574 1423
1572 1384
478 216
1931 1346
1899 218
1450 688
1239 1207
2 1
1834 826
429 223
771 10
1063 744
1824 1734
903 686
1329 676
1689 397
960 720
1039 290
1026 703
1262 503
1835 1737
1457 445
512 18
1917 424
1499 799
969 12
676 233
1964 542
1174 559
1008 945
1251 527
1489 5
1776 1653
1397 824
1124 745
